832
317
561
18
150
506
227
736
606
928
517
848
513
390
904
609
789
126
786
882
657
567
18
252
373
140
976
74
627
616
124
633
898
885
600
945
127
106
352
424
52
895
369
525
657
524
388
52
156
874
145
265
34
448
548
135
971
356
728
444
669
490
894
388
520
592
740
316
780
711
820
442
341
249
43
471
669
945
393
616
197
466
34
669
191
77
396
192
485
219
261
117
931
306
926
389
835
781
573
24
804
287
145
427
468
29
183
498
237
690
21
462
720
430
118
213
115
278
808
980
245
907
885
283
238
787
63
980
626
463
743
229
804
356
634
621
78
860
199
941
879
752
892
652
368
633
239
585
407
4
620
887
210
803
860
816
787
614
823
149
213
674
365
63
921
62
111
502
166
9
485
795
489
523
355
841
452
118
615
557
969
348
789
273
558
679
936
625
452
672
986
749
262
853
97
224
308
328
611
826
866
546
106
154
689
142
751
760
908
326
308
122
690
868
158
646
697
878
623
932
224
605
128
108
733
121
654
641
342
830
506
756
516
959
632
842
749
816
242
778
814
902
710
724
660
781
826
568
682
657
43
768
567
911
869
214
688
582
651
938
592
393
160
968
501
69
509
416
205
558
115
747
73
848
130
861
906
728
656
965
718
607
235
921
532
698
23
602
196
839
294
557
249
66
198
14
482
458
727
578
365
31
795
203
446
332
356
442
808
131
746
730
651
939
819
811
174
457
155
512
482
219
175
656
415
6
129
888
801
726
571
329
365
369
681
534
382
793
160
752
125
726
400
702
1
174
545
209
752
736
602
270
801
564
1000
898
937
871
562
256
797
837
131
328
571
696
846
439
803
666
923
464
248
162
724
494
511
684
203
540
999
683
567
133
316
735
929
929
323
776
856
543
806
144
297
600
311
933
191
664
540
396
390
527
377
553
328
136
536
353
712
420
112
174
466
268
583
799
588
320
644
485
503
4
667
91
939
232
75
527
577
302
313
977
720
227
931
626
779
616
596
919
542
563
619
182
136
827
344
322
366
552
363
968
500
322
943
900
955
564
1
893
507
227
424
364
841
948
853
244
350
466
747
481
331
958
561
334
52
147
313
783
4
242
864
504
565
409
193
701
227
81
544
635
735
556
749
947
862
793
825
417
461
989
172
925
658
340
274
246
290
153
163
899
586
307
112
197
504
323
584
900
734
731
468
380
240
338
499
296
70
621
652
214
862
513
177
355
300
594
205
51
705
778
629
607
917
856
566
858
290
867
478
47
429
540
538
166
890
811
133
787
738
352
821
32
680
866
840
901
357
807
155
732
770
462
349
356
89
158
401
315
830
12
617
761
841
36
774
942
89
803
748
557
977
540
554
117
991
314
617
251
470
940
868
470
267
919
799
210
465
422
701
479
932
901
238
887
348
835
852
872
606
875
21
107
500
449
868
290
326
432
964
59
519
428
113
300
953
434
712
91
775
295
171
870
21
709
379
652
76
128
463
429
751
974
701
601
720
399
150
437
861
22
483
239
734
172
157
617
472
385
969
139
831
88
291
762
589
357
133
24
240
659
568
227
123
466
11
967
850
181
217
3
795
45
872
46
606
363
525
182
386
544
470
605
442
418
643
933
862
793
8
846
720
920
763
500
795
295
231
867
662
292
819
566
762
688
963
477
729
223
44
599
574
41
499
215
886
399
395
1
620
29
616
609
201
109
425
552
252
375
816
280
687
394
751
826
202
724
688
765
110
992
669
960
267
23
706
519
702
869
719
347
332
355
277
726
17
459
518
972
354
584
763
880
120
983
479
733
171
477
707
70
684
864
762
94
133
491
839
282
848
431
714
484
151
525
541
550
689
485
519
617
400
103
894
700
994
893
183
76
417
835
799
646
276
792
813
423
169
38
889
610
798
656
191
383
124
40
14
529
101
752
91
857
666
293
147
380
173
555
371
753
43
418
612
766
447
197
920
596
571
439
607
967
286
851
521
701
884
359
750
732
266
400
885
974
398
644
108
791
379
599
668
965
40
606
309
33
927
164
972
515
859
557
530
372
706
959
543
226
18
798
520
81
389
516
101
547
765
621
772
860
627
304
94
473
246
884
1000
201
956
58
894
128
485
647
245
678
689
918
969
894
265
811
909
469
209
934
429
935
217
184
501
726
895
356
119
545
706
179
954
234
146
71
716
556
822
855
698
568
1000
458
165
811
365
555
31
811
317
776
244
897
260
92
544
332
23
689
362
230
213
712
177
91
293
264
280
193
891
189
801
486
951
582
773
72
72
299
550
650
665
784
970
78
467
852
77
360
798
92
167
923
704
437
257
690
130
556
837
330
948
158
971
253
614
146
789
391
474
840
888
68
499
59
268
891
574
61
836
913
399
114
303
372
954
919
961
420
950
220
279
810
287
648
886
163
474
657
550
32
46
495
758
141
270
380
186
107
922
16
152
126
255
948
508
760
586
697
211
593
425
295
648
737
356
454
997
252
556
953
186
223
25
673
153
408
242
180
123
566
930
188
362
343
43
313
226
279
281
438
314
850
610
912
153
982
442
984
893
261
163
501
808
487
175
407
588
83
1000
523
39
226
574
410
368
66
303
275
967
1000
849
913
128
40
442
233
525
214
786
1000
69
116
780
362
87
682
875
388
781
641
842
838
375
635
164
572
221
642
390
520
225
794
368
461
543
561
255
817
205
280
923
870
741
16
675
394
725
166
5
695
483
991
11
912
885
714
366
138
260
600
136
961
764
846
788
731
304
427
3
48
279
814
963
437
232
350
834
451
595
374
419
508
161
113
591
33
225
318
464
218
309
859
351
807
62
634
350
513
382
265
328
676
552
628
244
651
373
752
509
354
560
874
693
905
692
796
825
691
689
290
565
506
704
950
69
624
209
342
954
322
349
251
763
214
929
548
600
110
83
518
653
712
151
987
828
230
880
251
827
7
825
903
39
744
988
54
926
254
892
842
198
202
46
25
173
531
352
681
728
8
438
138
696
68
60
20
384
527
291
754
425
169
41
792
234
765
235
574
870
89
141
374
253
884
533
792
695
482
698
169
733
136
801
993
707
350
864
799
927
421
396
942
249
850
719
207
560
8
862
170
779
566
171
196
401
114
920
625
675
358
230
109
542
83
481
61
382
967
100
334
132
343
216
119
738
849
409
877
157
304
236
885
79
615
243
903
364
560
863
948
470
991
958
440
155
507
442
594
81
719
972
782
729
679
900
514
104
488
658
199
157
349
333
416
798
398
644
416
780
44
49
940
49
679
212
161
427
362
474
746
515
231
158
770
346
587
220
96
870
945
615
446
351
243
124
789
373
306
67
707
795
460
123
22
425
732
660
899
832
184
438
10
753
991
75
678
791
25
347
524
360
567
351
403
996
962
872
268
157
844
130
540
701
812
539
155
969
738
650
116
201
853
701
829
73
32
822
326
521
454
289
372
663
451
854
806
303
354
23
403
229
799
783
282
319
569
184
630
38
286
450
556
435
363
215
610
449
620
988
620
647
262
541
960
382
17
919
441
485
111
489
822
571
865
71
557
300
35
41
544
304
291
898
324
385
265
190
633
435
729
341
27
790
805
762
776
223
501
625
28
529
801
656
816
113
408
233
268
445
233
97
666
695
943
870
33
847
849
109
900
911
817
514
766
138
460
746
723
501
619
384
405
576
412
169
74
890
929
472
572
411
721
924
653
791
935
161
915
212
906
387
624
33
975
964
338
421
690
336
956
300
362
384
247
19
773
521
724
622
314
70
561
801
904
18
76
353
644
485
572
350
298
758
44
649
614
314
132
329
137
909
856
150
644
939
731
688
914
6
899
598
507
701
872
911
952
924
86
499
376
106
816
199
821
808
574
748
549
509
428
894
971
943
755
731
536
921
820
224
349
451
738
803
254
129
461
369
940
700
12
676
879
958
1000
979
488
911
784
733
299
365
618
169
309
72
495
112
281
537
832
779
267
961
179
640
584
512
299
479
626
360
525
791
870
871
878
573
737
84
597
420
730
600
291
65
81
87
94
286
892
758
974
724
270
470
451
34
32
435
667
799
1000
814
326
205
731
58
985
156
479
83
472
856
295
585
558
917
453
668
824
727
846
148
38
738
34
850
656
308
264
272
701
435
116
908
593
703
334
869
446
962
284
352
125
994
174
186
536
38
814
666
912
517
30
157
530
461
481
55
448
900
881
307
174
609
924
796
972
317
963
898
108
984
231
541
738
643
267
628
747
464
802
723
95
370
952
913
50
111
225
47
152
306
24
118
338
26
612
1
488
68
366
922
909
256
183
597
247
829
946
889
237
362
879
456
923
709
374
588
888
571
31
960
815
610
352
105
780
843
476
414
776
131
352
837
78
960
921
868
732
752
852
544
298
13
854
692
748
653
527
421
305
499
348
26
16
231
626
378
762
590
409
753
357
381
78
749
545
505
199
730
802
247
750
198
459
648
166
26
548
974
641
99
29
97
675
806
804
677
642
473
690
218
383
934
827
90
220
362
209
602
382
451
283
83
165
318
131
585
674
122
90
875
238
521
750
480
91
220
219
49
892
958
612
129
800
697
818
592
860
293
432
924
163
211
839
400
414
248
829
705
728
418
59
325
479
429
463
806
579
507
939
192
824
183
593
881
411
730
941
463
543
362
49
914
99
195
340
847
373
6
21
4
484
632
205
639
47
308
81
896
653
202
601
935
543
512
260
986
136
518
397
898
629
635
461
605
380
988
704
995
591
980
276
535
337
929
172
61
578
79
518
823
923
517
10
505
384
156
65
106
473
566
262
818
545
44
370
627
645
893
441
956
402
746
257
907
447
960
642
660
948
863
352
70
353
621
938
799
756
636
254
40
637
532
532
856
967
700
287
669
858
367
461
665
134
526
350
399
990
967
247
77
270
316
955
856
882
670
894
133
37
732
608
932
978
301
755
947
354
798
487
185
745
441
131
769
853
743
883
605
653
831
120
162
648
143
319
244
906
302
498
815
15
219
310
107
218
346
328
945
886
945
858
480
973
918
276
509
739
716
289
771
543
140
35
471
112
697
983
780
383
937
673
27
358
559
423
232
52
713
625
493
593
294
135
544
220
651
728
558
289
497
179
70
778
963
962
755
181
329
877
62
581
343
353
960
32
169
487
888
987
145
316
202
542
491
470
51
528
514
792
115
607
103
349
931
885
909
159
36
954
612
610
609
303
666
789
981
184
858
343
733
416
274
981
325
289
56
814
104
345
760
74
971
495
625
580
561
588
35
995
928
790
885
424
390
227
654
272
542
542
318
391
967
443
642
181
601
320
282
880
106
13
174
697
769
626
882
381
44
454
755
957
99
480
184
361
43
994
969
63
964
840
932
853
905
24
65
907
147
394
975
693
978
680
872
104
468
424
653
922
496
793
440
283
102
295
988
173
38
106
69
878
225
856
777
367
633
301
73
304
277
183
82
128
253
869
600
614
999
397
623
48
740
854
436
617
104
455
874
82
36
696
313
778
913
585
730
795
603
823
491
172
265
150
441
596
632
900
325
256
929
475
162
170
527
934
360
594
560
216
938
857
373
362
546
914
611
66
412
467
572
157
2
356
894
682
271
765
13
487
794
796
161
476
764
987
688
244
296
70
834
399
742
479
944
685
764
264
641
958
487
242
36
356
149
331
460
622
90
450
884
992
231
199
721
984
222
792
760
704
449
550
825
488
129
275
627
238
577
314
397
255
940
109
863
630
111
303
713
78
19
562
178
691
852
923
647
226
738
745
503
414
125
105
507
454
40
837
613
385
80
952
285
690
17
623
734
379
148
851
627
351
9
875
39
186
795
451
751
430
559
531
368
366
865
444
157
190
497
407
714
950
406
318
705
471
833
505
885
634
145
428
179
426
430
875
573
614
218
900
756
583
70
941
261
764
229
470
415
920
830
5
683
136
440
479
894
169
76
181
961
492
169
8
799
16
359
778
364
524
121
887
922
483
694
50
720
974
227
552
409
164
303
512
443
12
311
539
77
936
116
615
901
338
265
305
465
769
350
773
659
904
34
606
294
872
747
91
480
794
813
973
8
486
788
229
797
161
920
664
239
393
263
553
318
880
382
748
563
938
102
82
336
188
654
556
493
624
16
202
807
277
669
715
882
666
191
426
426
721
662
966
865
53
39
364
572
999
881
295
537
134
143
5
99
327
183
595
611
76
127
503
697
976
345
386
481
274
165
23
101
206
785
926
749
509
118
235
437
502
746
386
932
583
484
949
898
570
290
318
445
496
380
242
988
978
973
173
55
846
228
461
286
279
63
918
104
712
245
933
973
652
438
669
147
764
397
311
161
657
423
797
833
358
444
951
204
279
545
138
844
456
576
220
789
396
534
27
543
188
588
645
539
547
817
658
686
562
575
632
675
521
822
563
50
1
442
352
223
603
1
886
990
919
379
452
511
378
526
60
620
740
524
455
42
50
596
647
249
169
20
917
301
267
300
240
573
742
831
512
781
481
251
349
304
623
883
690
892
229
594
318
704
978
30
493
962
535
346
757
607
441
27
4
987
802
849
310
949
1
620
577
537
992
363
316
321
436
52
142
560
311
733
197
900
188
595
21
864
90
765
389
68
184
878
121
47
703
768
994
409
789
566
727
452
224
441
703
948
322
486
277
94
529
337
562
133
611
916
980
261
527
804
978
182
234
525
615
553
305
61
444
415
651
245
698
206
993
329
213
283
131
540
755
430
954
827
204
871
258
258
786
209
971
836
402
586
422
633
365
474
683
74
653
972
126
679
147
939
167
760
796
215
426
879
877
420
604
605
419
297
519
847
503
816
863
212
813
93
812
607
474
486
217
716
686
168
48
475
405
62
734
401
642
984
522
303
858
934
313
433
56
478
280
352
366
253
750
423
874
739
794
968
348
936
513
382
73
701
424
744
294
768
824
342
903
243
241
772
143
317
125
837
540
651
781
429
253
525
944
245
391
179
714
115
793
613
324
43
75
461
568
840
16
806
308
891
859
275
188
702
101
105
20
993
146
22
667
701
222
524
257
701
205
684
680
329
46
413
196
14
474
748
888
960
467
172
723
404
295
227
768
813
412
955
49
541
739
929
448
413
881
184
35
524
93
76
786
337
42
848
970
339
131
215
217
526
546
858
366
22
896
783
250
286
826
65
957
423
807
4
915
195
965
156
994
216
621
493
447
860
340
490
208
140
448
786
637
323
653
251
870
246
773
327
410
802
385
840
449
756
142
436
595
343
892
916
588
8
926
292
931
519
688
740
440
69
710
707
109
3
754
868
576
722
637
893
629
130
839
992
270
485
923
776
503
915
481
325
948
742
848
700
50
163
211
548
79
666
515
914
815
973
251
496
831
501
205
737
218
744
262
320
611
54
363
890
294
671
383
386
852
470
919
592
822
260
546
660
336
472
818
454
328
987
152
3
87
860
676
323
849
496
476
158
758
247
956
733
605
561
744
390
940
690
895
965
809
225
570
482
598
392
462
589
474
137
290
911
303
994
382
239
322
471
33
902
67
933
40
918
920
749
486
828
77
654
709
791
550
680
163
510
985
964
154
721
743
765
578
327
979
877
824
252
189
89
959
734
458
1
278
542
619
532
412
830
95
14
545
854
360
451
101
798
536
24
201
704
974
414
817
751
357
191
863
212
161
58
273
251
10
748
463
525
644
657
184
349
925
586
454
836
957
246
178
522
845
864
89
749
339
444
227
472
954
365
877
475
601
299
997
583
785
126
71
498
292
548
808
116
894
476
896
269
973
236
821
17
363
959
978
944
366
245
3
686
652
819
501
479
907
149
560
810
727
480
606
282
669
59
277
47
553
976
829
326
515
548
678
326
445
183
226
841
452
587
660
286
484
343
555
898
988
304
314
181
692
850
357
296
349
685
230
524
665
83
912
189
334
555
355
423
668
806
149
441
55
351
700
867
387
557
105
740
156
359
623
448
554
465
92
516
776
86
236
310
701
375
696
681
480
690
295
85
50
210
19
29
548
922
929
833
217
361
216
836
325
489
646
488
552
552
207
649
820
123
131
683
27
907
728
649
723
639
146
397
498
801
11
950
323
289
295
932
160
370
400
733
875
504
826
340
677
330
481
512
506
859
854
221
782
806
222
745
963
883
514
98
983
795
718
835
58
194
893
837
471
983
427
659
181
810
934
320
414
908
251
852
269
692
659
533
59
113
719
386
896
339
936
926
752
794
195
605
451
555
574
724
741
883
628
782
210
329
148
183
498
720
114
42
174
202
932
480
116
940
680
391
898
833
698
154
82
870
774
324
500
744
919
124
290
129
19
675
735
627
903
768
769
16
802
253
294
336
699
508
616
638
988
571
237
6
29
610
95
797
263
341
613
65
614
267
624
350
566
854
390
453
885
417
340
767
47
286
327
800
267
600
64
328
490
681
378
92
813
382
60
236
917
57
723
729
142
609
7
368
955
629
497
85
401
84
231
914
621
428
92
241
7
355
985
776
613
740
837
948
789
195
274
17
723
902
427
148
685
461
226
890
680
575
100
537
738
89
623
663
844
136
31
453
184
251
249
398
119
95
169
577
336
771
719
464
860
459
550
715
256
910
169
577
110
852
538
444
312
497
214
838
86
242
114
750
714
418
227
965
313
39
97
799
160
449
885
405
936
357
695
701
765
219
357
55
296
138
846
215
824
919
78
917
713
540
802
757
385
296
980
313
691
524
195
257
767
97
677
615
553
57
126
747
722
597
774
541
415
320
116
164
651
248
829
212
722
633
448
176
701
28
580
279
815
311
441
570
706
846
453
783
448
493
751
922
831
217
181
10
801
814
394
14
245
977
404
565
131
864
24
109
575
572
861
796
232
462
5
725
489
588
623
930
850
855
566
550
823
264
122
284
971
777
858
724
359
271
713
376
652
880
93
480
334
911
55
797
708
42
639
331
544
208
928
923
767
346
560
717
937
314
905
388
322
309
547
486
2
160
197
815
931
121
609
630
959
12
752
741
762
428
327
281
235
372
620
691
309
429
326
751
955
959
549
830
827
846
265
790
422
963
36
546
207
31
977
695
743
167
967
703
865
929
464
615
375
801
852
566
931
868
568
878
420
341
333
19
272
977
839
956
960
292
63
880
335
596
991
222
885
489
547
564
991
812
99
944
847
700
781
228
714
839
205
583
705
886
84
782
814
66
951
802
628
614
799
684
619
543
948
484
890
355
732
944
975
958
930
303
28
584
496
433
781
901
997
514
40
172
522
302
783
641
668
470
317
93
787
147
53
207
211
344
399
222
264
226
688
972
345
97
346
406
909
357
909
894
426
994
775
897
646
769
173
466
806
859
568
274
409
873
862
41
616
736
528
412
370
816
685
936
758
65
795
486
7
209
7
289
323
120
859
17
97
75
626
917
972
676
632
722
827
558
443
932
522
27
484
557
739
57
41
189
830
205
238
442
456
74
777
463
656
606
661
707
645
609
390
929
706
683
511
193
800
765
921
636
339
844
464
986
443
352
334
625
277
215
206
683
713
217
924
798
1000
191
148
407
942
733
675
782
55
818
254
713
506
737
281
980
963
456
921
706
428
308
921
322
121
3
901
767
986
16
621
664
183
489
520
169
937
974
494
317
328
258
799
863
688
285
206
904
623
838
652
199
707
523
669
651
38
110
558
482
777
848
146
738
80
241
458
347
744
5
355
40
553
360
994
414
180
93
367
702
576
732
164
349
823
372
754
410
820
566
929
158
971
962
308
562
434
314
60
445
466
26
951
403
940
629
643
72
81
797
946
911
549
162
913
553
343
524
470
318
661
410
932
118
786
285
332
835
406
598
301
892
483
12
859
108
215
298
832
197
920
861
416
542
260
954
452
605
125
628
73
654
901
717
272
705
395
584
448
729
649
734
280
552
195
454
504
787
962
983
866
887
950
943
323
215
263
136
963
673
261
747
368
466
301
199
882
598
267
764
660
520
522
105
336
974
268
398
709
316
912
742
830
278
958
956
482
614
666
784
626
811
311
259
554
211
46
966
434
841
373
101
264
549
818
476
935
339
674
518
844
258
268
735
102
411
748
226
796
776
576
930
451
495
332
287
247
292
347
716
434
894
777
644
742
13
146
98
128
185
321
581
809
747
837
232
313
280
659
99
296
81
361
937
160
355
96
254
187
896
931
664
839
425
212
255
634
232
662
290
377
882
719
407
820
569
106
325
187
241
993
954
800
652
954
576
592
522
57
962
983
171
853
391
900
676
720
300
712
770
478
369
497
730
176
990
81
15
208
521
794
724
578
227
457
687
329
591
590
924
472
609
480
692
136
441
436
28
389
560
222
72
877
807
731
611
735
163
429
75
965
930
638
685
361
313
425
354
944
995
56
250
161
231
10
552
462
944
418
678
929
75
343
328
554
60
601
210
850
694
204
874
433
257
117
907
883
344
746
224
128
168
534
481
895
495
635
99
112
463
454
390
727
774
622
681
302
679
58
649
203
483
215
816
400
493
359
166
889
93
431
77
200
7
513
805
592
407
679
540
792
306
98
866
69
698
121
853
619
890
722
656
908
619
871
450
422
526
912
397
177
376
440
225
785
387
194
830
597
184
192
538
146
523
677
133
889
936
255
144
599
938
991
229
372
719
604
291
299
588
478
918
783
788
146
516
848
56
760
831
535
690
269
965
333
17
737
229
568
557
121
861
486
804
686
42
567
201
485
135
617
951
62
333
740
51
890
21
667
828
253
409
634
370
970
259
853
334
74
817
803
3
118
132
34
157
912
804
17
465
43
852
736
705
378
843
783
661
92
749
602
817
423
689
442
457
521
406
251
139
845
348
9
150
181
6
970
620
405
607
854
980
290
505
545
337
227
404
895
825
464
509
627
871
358
175
835
688
940
773
314
63
360
701
107
344
493
724
872
977
249
369
393
278
856
172
830
631
309
478
250
792
971
77
299
731
699
867
73
533
107
234
226
740
762
309
676
954
474
818
433
231
847
876
923
359
956
747
291
704
883
996
923
781
35
413
854
691
21
229
422
914
359
409
941
944
347
567
30
351
386
475
884
401
8
569
357
248
653
59
844
834
68
825
572
536
226
865
153
355
396
527
795
99
822
168
250
174
59
141
241
371
992
818
131
702
660
606
90
701
161
987
601
868
427
534
797
665
646
206
613
435
915
765
68
671
534
336
246
7
544
17
669
76
567
626
546
44
475
663
146
708
172
89
583
894
150
285
37
85
459
449
351
562
735
485
354
510
509
477
2
892
584
386
639
803
122
875
940
604
851
250
713
850
845
394
397
804
803
860
370
94
565
376
879
685
827
443
932
577
331
20
989
940
119
237
515
292
563
675
335
768
396
637
165
219
321
692
931
944
308
565
174
833
147
12
721
927
58
190
861
115
547
824
393
530
251
639
825
424
66
728
652
548
40
789
833
601
543
849
118
314
196
949
345
856
401
419
464
787
417
545
154
914
461
152
825
64
251
91
581
503
576
184
536
114
392
946
903
923
324
88
180
898
373
178
80
338
538
988
715
407
986
850
731
771
366
461
38
882
633
309
209
587
789
381
845
681
422
626
774
631
445
684
412
825
611
913
996
277
18
664
757
615
55
432
820
321
548
184
77
261
900
926
901
352
612
442
984
179
803
329
839
945
473
913
334
531
500
266
115
782
863
746
875
774
142
301
852
100
72
846
346
644
411
855
222
602
257
892
722
486
326
293
759
857
939
953
569
468
505
57
547
404
831
80
307
161
688
138
80
57
650
798
340
776
880
982
323
288
211
970
823
619
834
352
711
179
89
651
154
460
67
548
489
781
426
397
592
620
657
909
510
988
991
714
95
222
2
522
695
675
44
466
187
527
855
516
360
769
79
419
598
449
852
109
86
610
524
498
791
298
938
472
760
436
792
330
919
818
468
698
586
659
930
10
606
862
738
441
818
804
919
187
964
367
639
848
551
700
830
989
154
262
186
48
145
531
940
507
807
62
417
95
655
1000
362
487
66
399
417
158
386
222
358
855
445
480
458
216
277
838
646
234
614
321
919
864
884
70
917
974
35
60
609
439
205
707
77
835
597
978
110
116
244
443
607
739
903
188
650
427
40
46
995
203
695
72
880
637
201
367
395
992
25
141
236
947
497
798
646
914
780
299
253
591
180
361
783
227
622
966
107
356
123
881
323
718
300
700
636
466
537
988
107
824
622
382
791
598
146
279
247
546
854
602
181
886
801
130
957
457
597
773
375
519
154
344
67
867
549
488
365
274
328
28
136
504
755
756
75
789
295
485
334
481
620
627
109
787
618
365
496
488
109
1000
344
674
970
219
674
889
140
813
94
198
891
386
582
69
407
963
119
217
535
444
648
354
107
273
114
518
706
793
873
491
868
573
728
517
943
710
477
947
605
425
703
620
933
751
227
400
705
171
951
987
405
473
552
864
695
354
307
405
547
559
425
7
200
923
169
148
400
93
987
959
912
266
289
796
570
651
657
224
889
879
279
77
708
271
496
366
625
877
412
485
132
869
888
942
99
409
330
891
907
82
388
386
877
803
333
427
328
395
323
613
344
763
942
326
258
221
943
741
931
15
767
449
63
28
695
271
670
768
625
553
771
280
550
511
140
181
587
967
45
818
738
843
945
200
706
437
429
656
435
863
255
860
186
200
188
867
110
131
479
576
807
991
579
570
243
495
850
651
183
658
199
451
123
670
383
833
972
959
869
532
951
632
840
278
516
373
482
23
736
548
416
884
765
598
226
244
247
188
518
603
18
909
814
931
434
253
795
841
69
855
525
384
862
150
446
329
583
345
222
87
849
648
94
755
245
266
330
932
407
718
133
92
499
21
809
571
198
175
788
420
721
139
198
724
496
284
322
230
792
464
559
635
447
823
131
487
408
163
756
132
376
731
10
248
202
31
494
768
201
946
422
412
255
292
489
588
749
219
399
380
275
334
677
211
210
262
221
115
875
917
713
863
990
269
661
259
788
629
715
982
986
896
656
617
45
284
405
338
339
6
418
621
834
235
430
983
197
635
945
234
748
397
658
665
356
413
202
906
302
949
473
322
242
681
479
724
704
979
783
22
590
17
958
126
501
419
452
26
340
463
288
890
385
381
920
871
388
934
943
467
910
627
643
143
283
89
54
299
988
475
788
929
918
11
321
268
924
974
850
491
921
440
309
512
234
94
412
948
102
250
813
981
707
608
691
911
175
694
678
62
240
939
117
509
187
866
330
806
198
621
23
764
604
112
978
399
707
510
409
966
698
114
951
463
27
881
530
591
753
16
127
324
448
812
387
601
504
262
723
982
324
80
211
91
695
643
915
202
794
895
855
768
207
107
60
817
790
273
375
585
579
832
832
372
665
274
168
238
831
707
719
4
196
922
58
325
256
798
245
666
120
713
574
126
321
873
590
828
909
135
804
764
765
246
368
374
778
324
800
414
293
707
23
271
610
131
416
287
164
113
31
728
756
923
11
646
464
291
719
907
226
658
162
928
263
800
742
196
165
86
43
319
611
636
188
169
313
135
297
106
230
887
441
900
50
922
633
14
699
758
662
665
757
110
516
230
362
119
684
528
984
219
837
80
246
673
953
994
436
729
360
338
346
824
770
736
864
10
531
191
462
615
292
72
891
937
772
906
430
419
398
541
49
942
347
501
498
557
440
97
293
545
815
330
639
956
300
804
437
833
330
949
519
172
202
860
272
631
40
817
14
641
944
583
481
718
207
809
199
878
886
169
886
414
330
345
176
337
839
358
523
393
398
546
311
661
134
214
281
898
654
519
947
367
966
263
496
588
80
607
761
279
797
200
617
878
662
598
78
500
384
53
252
206
146
506
834
933
55
952
61
430
440
369
867
94
416
783
691
151
579
232
237
763
350
776
331
138
862
560
817
789
473
231
444
556
492
267
675
969
327
778
523
744
725
702
919
23
813
507
523
208
380
116
856
26
512
187
680
835
471
862
288
467
722
838
809
371
147
385
623
122
246
274
919
955
528
43
784
499
66
805
708
144
812
934
576
781
457
139
784
698
34
745
895
958
720
734
121
385
692
252
37
56
952
934
821
135
561
408
10
881
179
948
405
462
13
818
431
339
445
68
905
562
386
387
649
965
863
936
769
394
973
761
711
657
943
994
283
892
236
978
8
692
200
314
190
935
581
310
313
451
92
535
445
513
43
317
995
838
345
427
567
786
390
570
987
365
676
77
155
514
365
602
117
124
629
481
954
478
585
178
496
322
515
402
167
829
888
983
845
512
505
863
951
3
534
815
322
584
352
537
956
675
248
586
737
488
311
367
782
697
188
631
625
82
278
238
647
659
520
219
261
321
501
334
440
950
432
488
759
121
191
562
255
106
703
309
606
664
822
378
396
411
384
649
100
128
187
576
457
299
717
877
905
557
509
136
802
641
693
427
842
969
539
412
128
693
569
836
970
707
175
12
231
961
718
963
372
50
893
241
736
485
896
32
834
349
315
479
839
939
110
659
618
788
62
822
413
342
837
289
527
559
360
551
836
241
145
597
534
415
588
828
987
890
269
49
735
761
39
163
787
147
45
277
24
958
512
919
480
653
226
755
190
365
893
217
168
706
750
349
867
415
36
674
540
138
103
121
72
424
138
641
930
996
502
839
346
806
618
418
276
205
405
213
195
432
172
832
158
174
804
81
54
307
785
574
595
637
946
44
4
384
534
925
244
173
269
205
499
913
277
857
88
182
948
727
583
66
707
813
569
487
649
478
466
531
929
849
20
321
761
512
62
182
228
449
749
753
291
576
283
523
118
451
983
517
190
447
294
882
83
566
288
793
18
378
614
301
142
571
712
755
734
619
466
187
843
191
324
160
421
127
961
105
478
98
977
649
679
281
101
377
158
427
825
318
313
693
986
797
559
893
303
660
150
848
416
442
619
672
495
668
323
693
103
65
632
229
456
46
803
535
401
231
857
473
967
91
591
469
108
139
943
249
616
397
744
658
20
185
323
825
401
948
880
6
121
287
259
881
326
336
819
579
452
641
236
886
956
623
666
631
390
827
696
736
593
312
802
840
799
67
294
616
441
932
85
122
490
87
173
156
545
773
227
778
183
304
234
872
113
620
220
448
221
840
354
24
197
750
840
443
975
419
345
69
356
219
102
457
995
470
993
445
436
138
351
651
309
140
182
207
112
536
709
136
502
779
431
293
979
212
35
758
470
370
702
338
163
379
30
88
894
84
824
547
365
379
323
638
27
637
303
311
185
471
173
60
196
434
664
482
363
201
907
844
771
464
465
727
267
737
335
682
401
989
172
448
128
368
924
908
941
979
620
881
282
508
213
995
728
330
260
861
530
696
544
61
614
414
249
806
480
724
360
862
721
394
558
832
743
640
75
880
467
296
162
210
837
872
854
337
209
740
37
927
46
344
801
539
71
204
808
727
728
227
105
997
269
527
35
815
605
885
456
11
952
966
4
620
551
912
916
610
475
930
583
957
490
554
175
22
924
675
585
125
104
284
848
720
844
753
40
773
763
935
568
610
651
285
835
470
663
651
145
938
819
550
163
948
114
625
55
420
548
260
279
384
988
514
143
373
824
244
886
744
815
569
784
33
995
487
783
127
869
130
249
752
271
536
658
463
60
911
755
884
803
871
478
104
260
701
517
671
410
504
385
434
993
348
913
430
318
790
169
262
539
654
847
705
101
13
604
257
267
948
418
392
988
475
712
687
189
977
238
250
590
735
164
271
277
927
141
2
676
413
1000
492
144
58
725
256
524
372
74
699
974
406
198
307
853
146
284
912
214
909
635
88
344
255
976
434
791
215
452
831
286
121
292
349
997
283
26
516
882
12
259
298
297
237
700
347
395
331
583
310
54
871
185
375
279
467
849
262
797
774
339
363
185
782
746
252
221
821
166
151
148
789
503
710
988
132
508
100
90
51
791
599
292
911
697
53
511
755
275
136
692
631
36
21
178
148
443
46
600
637
544
352
336
651
390
812
854
55
591
839
573
590
747
101
817
321
265
9
523
179
789
27
30
194
296
50
811
159
449
680
260
307
119
612
530
275
634
733
535
375
484
778
52
466
43
609
134
368
121
821
301
609
692
487
584
431
171
889
343
520
679
855
430
488
309
904
331
411
868
511
439
794
940
91
729
969
169
648
139
631
485
262
764
234
925
813
380
390
250
831
588
55
391
163
156
440
557
305
432
222
670
782
812
824
608
856
128
288
412
704
299
170
728
741
261
854
234
117
269
283
508
355
611
721
349
962
834
413
275
805
373
409
479
940
670
814
517
804
953
455
786
257
59
144
382
164
279
15
537
452
264
587
128
859
511
782
341
108
556
120
535
749
378
716
20
457
86
43
921
290
960
170
330
966
693
979
759
47
248
65
931
905
348
161
760
793
436
225
578
893
951
592
307
757
13
682
160
526
460
734
370
575
423
431
631
794
898
932
527
526
597
807
851
728
10
675
378
169
210
854
392
106
683
839
61
563
196
970
621
534
72
543
745
894
792
499
401
424
891
557
666
510
236
298
185
726
256
361
433
159
142
542
388
908
217
365
168
833
477
259
333
576
530
469
405
250
96
821
828
376
281
599
405
727
356
485
932
530
658
915
594
438
946
486
781
616
792
179
229
670
269
266
988
385
488
923
21
613
415
83
642
800
53
797
840
264
782
179
180
928
172
199
221
463
143
55
811
357
342
542
109
74
510
239
824
284
624
713
995
438
703
650
91
787
537
318
969
640
904
507
301
214
907
722
169
404
880
202
224
31
742
276
85
436
339
592
420
181
566
766
676
939
941
779
152
583
776
801
343
964
901
657
55
402
894
213
373
630
881
794
552
256
995
779
937
976
938
760
916
800
420
722
417
881
803
910
117
825
738
481
698
651
863
633
809
483
555
299
544
775
154
711
939
304
732
427
895
236
178
926
566
295
156
443
583
786
92
159
854
209
215
404
44
687
879
421
98
182
586
586
662
59
424
213
771
576
811
280
419
96
316
809
688
313
22
441
631
737
683
919
396
18
792
190
398
956
345
949
626
83
478
270
809
832
267
649
227
831
50
424
691
103
491
874
753
546
624
85
672
5
654
924
901
237
428
48
793
306
10
79
522
25
999
123
616
842
445
170
990
328
367
352
620
423
665
715
522
644
779
428
878
347
762
652
302
478
802
632
532
365
877
933
480
676
531
533
560
86
748
194
904
553
462
55
324
976
94
968
952
383
739
992
826
8
239
519
95
349
894
484
694
928
655
352
284
984
821
911
600
743
612
175
878
959
441
682
574
931
92
404
593
950
782
971
521
721
5
752
204
223
692
280
370
49
291
102
388
290
335
47
562
250
402
235
462
501
901
589
381
170
803
680
980
923
218
701
804
944
480
899
747
423
49
967
799
533
246
443
498
415
438
230
537
838
210
258
729
455
672
597
175
353
542
518
912
975
156
602
716
450
744
393
871
331
197
888
278
648
294
109
459
747
441
147
638
570
132
398
791
372
750
565
460
695
400
183
710
502
989
634
718
55
103
131
15
855
402
262
239
406
549
17
666
885
171
232
305
613
498
85
964
94
642
602
266
549
621
374
508
939
137
533
436
150
133
600
315
709
547
933
553
95
540
808
840
387
784
242
89
686
247
28
903
962
70
264
952
286
419
409
373
230
48
232
552
428
843
366
615
540
110
185
225
542
747
968
279
83
363
929
635
57
335
808
533
279
242
139
624
165
223
683
29
939
43
111
655
831
373
148
420
518
722
137
465
454
658
90
153
26
760
362
800
532
403
774
492
797
334
690
884
670
471
739
785
663
987
511
407
633
27
160
319
722
239
768
649
221
312
933
863
456
892
412
833
698
557
851
59
43
399
451
77
718
481
680
971
194
919
977
223
31
940
575
257
823
215
131
199
602
957
286
295
416
240
678
933
905
447
782
513
483
844
296
199
720
925
873
59
183
506
397
535
514
772
333
689
39
20
956
747
114
34
243
25
197
645
912
885
414
48
69
619
815
941
869
174
970
399
977
539
275
531
381
880
913
292
955
348
830
795
948
228
447
802
204
330
424
132
995
571
315
613
195
86
807
919
230
201
886
984
727
378
491
833
698
990
948
123
712
885
437
654
532
171
289
868
432
594
455
842
475
689
655
337
369
660
631
487
475
623
21
923
638
37
8
743
393
785
488
502
443
504
482
196
227
506
883
145
424
447
1000
472
941
811
204
897
290
205
314
790
897
483
465
959
312
564
446
408
739
632
444
720
56
373
177
547
949
612
530
281
57
596
794
325
559
131
685
76
810
652
397
559
819
672
129
21
781
424
995
58
440
840
258
666
287
312
339
625
620
946
480
428
407
165
661
811
698
912
46
464
200
837
683
408
465
936
380
830
977
530
783
549
977
314
968
961
161
373
963
632
75
907
435
325
705
518
822
446
2
575
932
318
550
222
110
725
750
839
728
307
807
168
501
68
94
984
652
5
584
865
407
840
301
6
496
770
291
115
868
359
993
511
615
755
649
511
441
380
807
76
819
3
461
674
12
716
273
904
462
146
767
119
117
706
16
235
341
109
783
100
747
654
747
27
731
940
378
637
568
229
540
82
378
311
213
855
329
48
259
727
401
481
663
490
271
727
616
22
641
624
541
167
31
21
146
492
588
307
16
133
580
549
586
938
550
646
460
244
861
89
863
806
324
776
14
220
329
698
144
11
867
725
420
562
410
571
615
138
394
741
539
249
49
818
503
220
40
27
968
315
976
576
174
561
857
465
188
768
307
258
907
341
833
908
868
176
155
842
724
15
396
577
285
667
19
471
666
644
566
833
320
493
233
981
144
834
243
279
855
651
20
343
282
552
377
802
95
432
329
25
888
824
404
356
821
125
483
218
821
402
982
869
502
515
933
578
560
950
52
241
401
675
719
875
504
564
498
870
648
810
66
237
728
817
283
405
17
415
403
869
561
237
5
582
193
343
566
703
281
73
613
968
728
736
49
223
836
726
195
447
403
641
849
835
934
882
645
395
972
124
732
101
305
813
714
688
160
953
186
369
698
442
842
477
32
468
537
213
551
58
796
988
220
705
697
252
68
62
829
765
465
39
487
83
923
943
673
258
842
955
469
137
201
873
536
957
662
722
583
433
209
231
325
651
733
103
290
400
907
320
572
773
101
289
228
707
983
449
185
736
701
698
405
989
718
639
149
640
316
570
141
647
957
989
591
396
270
589
369
567
292
321
859
17
767
908
628
80
533
53
624
269
920
862
404
758
125
109
980
86
632
788
38
344
318
320
606
409
868
562
999
118
270
432
626
77
438
772
380
178
950
517
184
86
663
810
116
114
478
607
711
310
232
480
214
135
833
362
262
199
500
682
139
676
941
237
519
160
314
559
357
685
146
195
548
70
546
151
131
434
241
324
325
45
260
545
653
685
73
547
877
952
558
749
872
712
32
768
702
139
257
403
70
137
409
860
906
810
892
162
266
420
977
81
863
583
680
4
812
764
263
905
150
644
980
555
765
670
683
812
890
591
873
67
76
470
953
620
691
883
322
318
880
25
539
637
511
693
145
763
211
560
56
619
745
583
913
245
542
618
449
511
775
821
290
65
492
145
300
382
997
101
154
284
135
568
51
208
714
824
892
315
845
75
129
699
912
121
55
383
927
581
341
726
349
238
515
131
671
971
721
203
897
225
875
372
461
442
26
306
275
511
301
85
373
715
210
893
346
426
107
689
348
846
216
850
536
508
735
54
721
596
214
405
615
300
349
249
864
134
360
644
925
281
648
779
447
727
882
539
888
341
723
706
491
667
569
127
854
377
401
623
286
530
717
739
178
654
833
163
740
701
181
987
268
254
979
725
168
132
537
565
176
389
198
270
891
100
246
142
615
163
639
970
841
658
367
802
21
903
734
134
380
22
948
610
900
565
689
357
909
465
320
566
183
471
616
52
136
858
201
269
866
719
371
837
751
874
873
612
985
934
824
96
562
197
826
323
215
94
856
883
269
737
907
189
748
545
270
190
908
681
924
186
830
478
207
424
823
965
526
180
833
621
251
184
205
33
902
457
860
817
554
976
243
858
941
105
90
812
374
389
509
242
612
604
835
695
842
562
305
458
986
716
834
915
951
934
818
653
103
692
763
198
490
481
257
670
840
488
502
536
882
98
252
770
226
963
857
21
13
857
497
305
954
151
759
105
621
338
438
181
922
960
788
313
873
338
638
466
22
477
897
14
837
581
560
997
597
212
805
97
276
328
556
602
886
244
698
604
660
982
660
558
420
3
870
875
660
701
791
747
361
731
48
953
704
482
469
493
164
124
759
856
882
661
75
208
22
406
41
391
185
109
787
970
972
614
897
57
851
277
970
243
308
112
651
133
496
799
861
188
638
287
348
656
560
704
716
146
814
814
224
314
168
763
566
546
957
830
705
565
722
865
959
475
11
123
165
462
692
231
5
142
321
707
738
599
433
497
713
166
136
750
174
500
112
990
757
912
583
534
253
298
666
384
155
169
941
35
832
40
357
298
812
181
699
553
745
76
438
175
69
879
288
146
452
425
15
177
758
813
303
324
895
342
667
587
371
454
743
456
120
534
577
959
238
884
352
761
564
177
13
115
568
409
914
361
244
181
439
62
565
163
706
558
990
882
266
760
580
225
609
488
599
575
52
59
331
279
337
534
590
204
976
912
41
2
529
675
713
168
99
690
71
146
609
679
242
456
509
145
358
289
577
456
935
466
521
58
44
803
455
277
801
437
761
829
830
529
225
558
197
28
841
324
424
443
264
210
138
183
621
86
142
133
535
552
561
654
368
14
642
122
382
101
474
414
417
414
559
401
127
353
472
41
167
545
989
808
955
649
698
49
360
759
560
663
440
501
445
570
110
143
342
94
852
672
298
855
8
359
160
402
220
111
41
539
178
32
984
200
652
410
659
761
409
493
354
79
611
631
146
245
685
897
701
102
530
234
775
515
551
86
842
106
602
133
294
252
2
122
415
813
58
108
408
398
586
436
65
190
608
899
130
617
321
861
93
551
570
629
829
647
453
954
969
133
903
257
553
116
693
587
468
266
787
89
811
70
695
539
640
860
388
434
296
451
680
475
409
888
439
724
171
285
520
574
167
681
91
270
702
811
703
605
662
439
4
432
88
163
247
268
261
104
868
117
515
375
990
305
480
729
933
665
439
63
682
628
135
602
280
184
353
931
659
557
997
165
117
60
213
99
161
118
536
543
772
472
566
277
307
948
24
279
332
124
838
503
627
845
19
803
156
363
958
179
517
47
912
107
992
440
97
745
551
530
724
79
523
773
260
871
470
922
509
817
716
76
416
425
736
486
979
626
123
510
194
622
883
697
632
301
338
764
294
254
624
45
714
204
593
93
640
145
265
132
374
673
505
186
563
824
436
195
23
410
39
324
912
325
641
162
819
646
239
906
431
707
817
664
987
137
228
31
698
339
455
919
493
994
560
194
934
354
735
62
976
649
208
672
986
459
281
767
642
32
603
416
26
967
865
755
860
753
108
265
992
84
898
449
399
402
727
896
755
943
26
138
151
25
97
923
69
49
501
823
761
947
977
988
496
504
217
463
759
527
393
227
638
565
540
495
446
545
505
998
218
588
147
468
977
468
518
732
483
281
33
214
424
275
968
393
263
949
673
802
453
734
143
896
596
734
926
648
456
254
235
15
404
892
909
775
627
134
387
329
202
813
487
375
437
593
32
104
945
559
894
895
586
544
290
452
642
506
493
336
418
619
635
183
723
739
646
637
207
26
407
553
211
295
276
29
999
250
589
576
703
336
989
303
920
201
873
721
603
372
325
381
724
671
588
237
117
57
234
175
760
325
561
640
958
279
79
183
75
489
327
717
562
449
110
621
992
31
503
777
488
55
680
117
204
120
64
361
14
539
308
183
175
712
539
178
129
842
68
889
352
155
181
175
387
295
363
743
339
513
977
829
646
598
459
451
437
281
995
475
109
376
27
825
950
855
563
524
905
352
105
917
441
91
525
980
304
68
802
326
856
97
522
987
632
148
384
8
654
883
507
104
899
578
841
317
882
28
616
839
335
871
754
40
526
903
587
698
949
385
304
481
246
908
317
738
815
980
685
632
207
119
901
814
545
519
186
786
230
108
951
401
747
369
576
141
599
615
838
804
919
229
425
233
265
305
387
297
117
37
453
198
496
489
385
353
206
823
621
667
511
27
179
105
912
686
790
198
990
44
764
480
656
102
325
757
943
66
793
116
553
596
707
627
804
13
505
996
523
747
313
805
598
914
855
622
840
276
359
345
22
278
493
886
620
138
351
181
263
949
436
753
144
685
665
853
374
289
904
688
873
569
746
197
665
547
545
233
423
691
786
586
802
603
916
654
680
375
683
852
805
659
63
459
457
631
979
579
995
950
766
124
260
879
896
734
237
287
498
630
510
519
793
404
433
103
564
614
610
486
811
823
480
27
59
117
602
182
877
259
288
32
508
503
649
430
899
548
662
937
23
516
960
138
79
133
712
815
568
290
129
60
161
207
146
219
336
551
259
861
129
112
218
740
526
108
54
351
160
212
523
633
524
35
130
477
658
629
659
241
603
433
986
864
920
201
700
398
666
960
200
175
766
298
8
455
195
811
960
820
736
295
699
451
412
964
313
36
29
509
310
457
640
933
232
468
86
728
36
869
115
200
